 10   9.96  10.17 17000 -2200
 20  19.58  19.79 33000 -2164
 30  29.10  29.19 49000 -888
 40  38.14  38.35 63000 -2192
 50  47.01  47.21 74000 -2104
 60  55.68  55.89 94000 -2208
 70  64.10  64.31 108000 -2192
 80  72.27  72.48 123000 -2136
 90  80.18  80.38 132000 -2100
100  87.92  88.13 140000 -2192
110  95.48  95.69 162000 -2164
120 102.70 102.91 163000 -2172
130 109.89 110.10 182000 -2128
140 116.82 117.03 202000 -2188
150 123.53 123.73 196000 -2092
160 130.11 130.31 216000 -2144
170 136.51 136.70 232000 -2056
180 142.77 142.99 247000 -2236
190 148.83 149.04 233000 -2204
200 154.70 154.90 247000 -2092
210 160.49 160.71 260000 -2296
220 166.15 166.35 277000 -2168
230 171.68 171.88 292000 -2044
240 177.15 177.35 305000 -2132
250 182.32 182.53 317000 -2196
260 187.43 187.63 328000 -2092
270 192.39 192.59 302000 -2064
280 197.20 197.40 313000 -2084
290 201.98 202.19 323000 -2304
300 206.60 206.81 338000 -2180
310 211.18 211.37 348000 -2044
320 215.67 215.88 358000 -2228
330 220.03 220.23 373000 -2088
340 224.30 224.50 381000 -2132
350 228.59 228.80 390000 -2168
360 232.61 232.82 399000 -2116
370 236.71 236.78 408000 -800
380 240.51 240.72 415000 -2148
390 244.34 244.55 423000 -2220
400 248.13 248.34 431000 -2276
410 251.76 251.96 438000 -2080
420 255.42 255.63 446000 -2292
430 258.97 259.17 454000 -2180
440 262.42 262.62 461000 -2060
450 265.42 265.64 415000 -2256
460 268.70 268.91 423000 -2248
470 271.99 272.20 429000 -2160
480 275.17 275.36 436000 -2048
490 278.44 278.65 442000 -2196
500 281.47 281.68 447000 -2192
