 10  10.52  10.44 1000 818
 20  20.70  20.72 2000 -200
 30  31.16  31.18 3000 -170
 40  41.70  41.72 4000 -128
 50  52.40  52.41 5000 -83
 60  63.17  63.18 5000 -73
 70  74.02  74.02 6000 -87
 80  84.92  84.94 7000 -213
 90  95.92  95.93 8000 -139
100 106.96 106.98 9000 -186
110 118.07 118.08 10000 -152
120 129.15 129.16 10000 -142
130 140.33 140.33 12000 -4
140 151.50 151.50 13000 6
150 162.79 162.79 13000 3
160 173.94 173.96 14000 -231
170 185.21 185.22 16000 -117
180 196.51 196.52 15000 -52
190 207.82 207.84 16000 -198
200 218.92 218.94 17000 -192
210 230.34 230.35 19000 -54
220 241.61 241.61 20000 32
230 252.94 252.95 21000 -91
240 264.22 264.21 20000 43
250 275.49 275.50 21000 -139
260 286.79 286.79 22000 7
270 298.08 298.07 23000 109
280 309.09 309.10 24000 -54
290 320.42 320.42 25000 -56
300 331.96 331.95 27000 58
310 342.83 342.84 27000 -75
320 354.61 354.61 29000 74
330 365.90 365.89 30000 56
340 377.18 377.18 31000 26
350 388.31 388.32 32000 -44
360 399.48 399.48 33000 -34
370 409.05 409.04 30000 106
380 420.01 420.01 31000 12
390 431.22 431.22 32000 22
400 443.40 443.39 33000 129
410 454.57 454.57 34000 67
420 465.71 465.69 35000 233
430 476.69 476.67 36000 160
440 485.50 485.48 36000 250
450 496.60 496.59 37000 117
460 507.51 507.50 38000 156
470 518.63 518.60 40000 278
480 529.62 529.60 41000 240
490 542.95 542.93 42000 139
500 553.78 553.75 43000 254
