 10  96.92  14.07 30000 868796
 20 101.24  14.68 30000 907688
 30 105.22  15.24 32000 943440
 40 108.87  15.76 33000 976328
 50 112.22  16.24 34000 1006456
 60 115.39  16.69 36000 1034972
 70 118.29  17.10 37000 1060992
 80 121.02  17.48 36000 1085600
 90 123.55  17.84 37000 1108388
100 125.92  18.18 39000 1129684
110 128.16  18.49 38000 1149888
120 130.21  18.79 38000 1168392
130 132.21  19.07 40000 1186372
140 134.11  19.34 38000 1203524
150 135.84  19.59 40000 1219052
160 137.51  19.82 44000 1234080
170 139.10  20.04 41000 1248408
180 140.58  20.26 43000 1261676
190 142.06  20.46 44000 1275076
200 143.37  20.65 42000 1286840
210 144.68  20.83 43000 1298660
220 145.92  21.01 44000 1309768
230 147.10  21.18 45000 1320384
240 148.25  21.34 46000 1330844
250 149.31  21.49 47000 1340380
260 150.32  21.63 43000 1349412
270 151.33  21.78 44000 1358436
280 152.26  21.90 44000 1366860
290 153.19  22.03 45000 1375284
300 154.04  22.16 45000 1382948
310 154.95  22.28 46000 1391140
320 155.76  22.40 47000 1398368
330 156.54  22.50 48000 1405464
340 157.24  22.61 48000 1411740
350 157.97  22.71 49000 1418340
360 158.76  22.81 49000 1425472
370 159.41  22.91 50000 1431376
380 160.07  23.00 46000 1437248
390 160.67  23.08 46000 1442652
400 161.29  23.17 47000 1448252
410 161.88  23.26 47000 1453600
420 162.46  23.34 47000 1458808
430 163.01  23.41 48000 1463812
440 163.59  23.50 48000 1469024
450 164.10  23.57 48000 1473504
460 164.58  23.64 49000 1477848
470 165.10  23.71 49000 1482656
480 165.53  23.77 49000 1486488
490 166.06  23.84 50000 1491312
500 166.49  23.90 50000 1495128
