 10  12.73  12.93 1000 -2092
 20  24.81  25.01 2000 -2004
 30  36.39  36.59 3000 -2043
 40  47.52  47.72 4000 -2090
 50  58.25  58.43 4000 -1968
 60  68.77  68.98 5000 -2161
 70  78.99  79.19 6000 -2134
 80  88.90  89.09 6000 -1930
 90  98.48  98.68 7000 -2094
100 107.81 107.99 8000 -1904
110 116.86 117.04 8000 -1895
120 125.67 125.86 9000 -1904
130 134.18 134.37 10000 -1949
140 142.47 142.65 10000 -1881
150 150.48 150.67 11000 -1968
160 158.28 158.52 12000 -2495
170 165.85 166.03 13000 -1897
180 173.19 173.38 12000 -2050
190 180.49 180.68 13000 -1996
200 187.44 187.62 14000 -1920
210 194.28 194.46 14000 -1840
220 200.85 201.04 15000 -1982
230 207.26 207.45 14000 -1921
240 213.65 213.84 15000 -1963
250 219.78 219.95 15000 -1768
260 225.75 225.92 16000 -1801
270 231.66 231.83 17000 -1798
280 237.35 237.54 17000 -1994
290 242.81 243.00 18000 -1969
300 248.31 248.48 18000 -1776
310 253.69 253.86 19000 -1738
320 258.88 259.06 19000 -1893
330 263.96 264.12 20000 -1734
340 268.92 269.08 20000 -1715
350 273.73 273.91 21000 -1908
360 278.46 278.64 21000 -1824
370 283.06 283.23 21000 -1808
380 287.58 287.75 20000 -1767
390 291.90 292.07 20000 -1774
400 296.25 296.41 21000 -1661
410 300.51 300.68 22000 -1800
420 304.68 304.85 23000 -1794
430 308.82 308.98 23000 -1656
440 312.86 313.02 23000 -1733
450 316.44 316.60 21000 -1681
460 320.29 320.47 22000 -1862
470 324.01 324.18 22000 -1810
480 327.73 327.90 23000 -1775
490 331.33 331.50 23000 -1846
500 334.79 334.95 23000 -1686
