 10  14.56  14.58 5000 -280
 20  29.43  29.45 8000 -224
 30  44.84  44.86 13000 -240
 40  60.78  60.83 17000 -508
 50  77.32  77.35 21000 -360
 60  94.46  94.50 26000 -420
 70 112.24 112.29 31000 -472
 80 130.52 130.55 34000 -384
 90 149.13 149.16 40000 -304
100 168.18 168.22 43000 -336
110 187.39 187.43 46000 -360
120 206.66 206.68 48000 -264
130 228.38 228.43 56000 -496
140 247.19 247.23 56000 -408
150 269.50 269.53 63000 -296
160 292.96 292.98 70000 -244
170 312.68 312.71 72000 -336
180 336.09 336.13 78000 -384
190 360.89 360.93 85000 -440
200 376.17 376.20 82000 -332
210 401.00 401.02 88000 -272
220 425.54 425.59 95000 -448
230 453.49 453.52 102000 -296
240 477.33 477.35 108000 -208
250 503.59 503.63 114000 -388
260 505.51 505.54 104000 -376
270 530.26 530.29 109000 -320
280 554.55 554.59 115000 -408
290 579.60 579.64 119000 -352
300 600.25 600.27 123000 -256
310 628.92 628.94 130000 -204
320 654.08 654.11 136000 -368
330 679.30 679.32 141000 -196
340 704.41 704.44 146000 -344
350 732.23 732.26 152000 -336
360 758.51 758.54 158000 -360
370 784.22 784.24 163000 -268
380 775.71 775.73 146000 -248
390 796.93 796.97 150000 -416
400 821.93 821.95 154000 -224
410 841.85 841.88 159000 -388
420 860.15 860.18 163000 -264
430 891.70 891.73 168000 -384
440 915.66 915.70 172000 -360
450 934.07 934.09 176000 -236
460 962.47 962.50 180000 -360
470 987.60 987.64 184000 -440
480 1012.97 1013.01 188000 -376
490 1036.59 1036.62 193000 -296
500 1061.74 1061.77 197000 -308
