 10  10.24   1.96 68000 86896
 20  20.20   3.63 144000 173724
 30  30.24   5.32 222000 261260
 40  40.44   7.01 297000 350532
 50  50.27   8.70 355000 435920
 60  60.26  10.40 417000 522820
 70  70.29  12.10 507000 610152
 80  80.31  13.81 585000 697308
 90  90.35  15.51 645000 784792
100 100.34  17.22 688000 871580
110 110.41  18.93 806000 959184
120 120.45  20.65 828000 1046516
130 130.49  22.36 945000 1133860
140 140.57  24.09 1056000 1221324
150 150.55  25.80 1045000 1308028
160 160.62  27.53 1168000 1395508
170 170.67  29.26 1267000 1482740
180 180.76  30.99 1234000 1570476
190 190.79  32.72 1320000 1657424
200 200.89  34.46 1422000 1745072
210 210.85  36.19 1550000 1831476
220 220.95  37.93 1643000 1919108
230 231.03  39.67 1736000 2006488
240 241.07  41.42 1651000 2093488
250 251.16  43.17 1731000 2181000
260 261.24  44.91 1819000 2268416
270 271.31  46.65 1919000 2355760
280 281.41  48.40 2018000 2443256
290 291.49  50.15 2108000 2530676
300 301.55  51.90 2210000 2617748
310 311.68  53.66 2297000 2705600
320 321.62  55.41 2419000 2791352
330 331.80  57.17 2513000 2879788
340 341.89  58.93 2606000 2967060
350 351.95  60.68 2692000 3054256
360 362.13  62.45 2782000 3142392
370 372.17  64.21 2594000 3229216
380 382.23  65.97 2671000 3316236
390 392.38  67.73 2755000 3404156
400 402.43  69.50 2833000 3491000
410 412.73  71.27 2921000 3580424
420 422.61  73.04 3015000 3665564
430 432.89  74.80 3096000 3754808
440 442.99  76.58 3181000 3842024
450 453.07  78.35 3262000 3929276
460 463.12  80.11 3387000 4016076
470 473.26  81.89 3478000 4103752
480 483.32  83.66 3571000 4190724
490 493.44  85.44 3655000 4278216
500 503.50  87.21 3744000 4365056
