 10  15.83  15.04 1000 8296
 20  18.94  32.30 2000 -140052
 30  33.09  32.30 3000 8316
 40  36.16  52.14 3000 -167564
 50  52.95  52.14 4000 8500
 60  52.93  52.14 5000 8260
 70  75.77  74.96 5000 8492
 80  75.76  74.96 6000 8336
 90  77.79 101.21 6000 -245560
100 102.78 101.21 7000 16440
110 102.79 101.21 7000 16592
120 102.79 101.21 8000 16592
130 109.21 131.39 8000 -232564
140 132.96 131.39 9000 16516
150 132.98 131.39 9000 16652
160 132.97 131.39 10000 16580
170 140.18 166.10 11000 -271740
180 167.67 166.10 11000 16500
190 167.67 166.10 11000 16500
200 167.67 166.10 12000 16500
210 167.67 166.10 13000 16500
220 168.63 206.01 13000 -391996
230 207.59 206.01 14000 16496
240 207.58 206.01 15000 16464
250 207.59 206.01 14000 16564
260 208.51 251.91 14000 -455148
270 213.92 251.91 15000 -398416
280 221.87 251.91 16000 -315024
290 253.49 251.91 16000 16556
300 253.50 251.91 17000 16580
310 253.50 251.91 17000 16672
320 253.49 251.91 18000 16548
330 257.23 304.70 18000 -497780
340 253.49 251.91 19000 16556
350 257.77 304.70 20000 -492160
360 263.66 304.70 20000 -430388
370 307.84 304.70 21000 32864
380 307.84 304.70 21000 32864
390 307.85 304.70 22000 33040
400 316.22 365.41 22000 -515764
410 323.67 365.41 21000 -437628
420 331.07 365.41 21000 -360004
430 368.54 365.41 22000 32892
440 368.54 365.41 23000 32896
450 368.54 365.41 23000 32892
460 368.54 365.41 23000 32896
470 368.56 365.41 24000 33088
480 375.01 435.22 25000 -631348
490 370.84 435.22 25000 -675104
500 377.07 435.22 26000 -609700
