 10  15.84  15.04 16000 8352
 20  19.16  32.30 32000 -137748
 30  33.09  32.30 44000 8308
 40  36.22  52.14 58000 -166932
 50  52.94  52.14 67000 8336
 60  52.93  52.14 85000 8252
 70  75.77  74.96 89000 8488
 80  75.75  74.96 104000 8272
 90  77.89 101.21 112000 -244512
100 102.78 101.21 129000 16512
110 102.79 101.21 131000 16584
120 102.79 101.21 145000 16584
130 109.59 131.39 161000 -228612
140 132.98 131.39 159000 16628
150 132.96 131.39 170000 16472
160 132.96 131.39 184000 16476
170 135.52 166.10 198000 -320636
180 167.67 166.10 212000 16492
190 167.67 166.10 225000 16448
200 167.67 166.10 216000 16492
210 171.25 206.01 226000 -364556
220 179.03 206.01 237000 -282948
230 207.59 206.01 248000 16592
240 207.59 206.01 267000 16592
250 207.59 206.01 278000 16552
260 207.60 206.01 288000 16660
270 216.97 251.91 305000 -366448
280 253.50 251.91 317000 16616
290 253.49 251.91 327000 16556
300 253.49 251.91 305000 16528
310 253.50 251.91 316000 16616
320 256.62 304.70 326000 -504164
330 264.15 304.70 336000 -425188
340 271.50 304.70 345000 -348096
350 307.84 304.70 358000 32924
360 307.84 304.70 368000 32856
370 307.84 304.70 379000 32924
380 307.84 304.70 394000 32920
390 307.84 304.70 404000 32928
400 307.84 304.70 416000 32924
410 307.84 304.70 426000 32856
420 308.67 365.41 435000 -594908
430 312.37 365.41 450000 -556100
440 319.06 365.41 458000 -485944
450 368.56 365.41 473000 33080
460 368.56 365.41 485000 33036
470 368.54 365.41 494000 32884
480 368.56 365.41 504000 33068
490 368.54 365.41 513000 32856
500 392.25 435.22 526000 -450520
