 10  15.84  15.04 4000 8412
 20  19.03  32.30 8000 -139156
 30  33.10  32.30 11000 8380
 40  35.47  52.14 15000 -174768
 50  52.94  52.14 18000 8376
 60  53.58  74.96 21000 -224168
 70  75.76  74.96 24000 8328
 80  75.78  74.96 27000 8572
 90  78.36 101.21 31000 -239552
100 102.80 101.21 34000 16664
110 102.80 101.21 33000 16664
120 102.79 101.21 38000 16560
130 110.65 131.39 39000 -217444
140 132.96 131.39 45000 16488
150 132.97 131.39 45000 16624
160 134.33 166.10 50000 -333064
170 136.40 166.10 52000 -311368
180 167.70 166.10 51000 16752
190 167.70 166.10 55000 16768
200 167.68 166.10 59000 16568
210 172.94 206.01 58000 -346804
220 207.61 206.01 61000 16720
230 207.60 206.01 65000 16604
