 10   5.23  15.04 8000 -102892
 20   5.98  15.04 8000 -95008
 30   7.24  15.04 9000 -81804
 40   7.47  15.04 9000 -79432
 50   9.05  15.04 9000 -62856
 60   8.83  15.04 10000 -65172
 70   8.37  15.04 9000 -69924
 80  10.87  15.04 10000 -43736
 90  10.73  15.04 11000 -45248
100  11.75  15.04 11000 -34548
110  11.30  15.04 11000 -39260
120  13.03  15.04 11000 -21088
130  11.39  15.04 12000 -38252
140  13.33  15.04 12000 -17984
150  11.44  15.04 12000 -37716
160  13.60  15.04 13000 -15104
170  14.04  15.04 13000 -10524
180  12.68  15.04 12000 -24780
190  15.52  15.04 13000 5008
200  15.04  15.04 14000 -36
210  14.08  15.04 14000 -10068
220  14.36  15.04 15000 -7160
230  14.25  15.04 14000 -8328
240  16.93  15.04 14000 19760
250  16.03  15.04 15000 10332
260  16.49  15.04 15000 15164
270  15.47  15.04 16000 4524
280  17.49  15.04 16000 25644
290  17.23  15.04 16000 22936
300  16.91  15.04 17000 19572
310  16.96  15.04 17000 20100
320  16.60  15.04 18000 16404
330  16.66  15.04 16000 16932
340  18.42  15.04 17000 35400
350  19.75  15.04 17000 49356
360  19.70  15.04 18000 48808
370  19.32  15.04 18000 44916
380  19.45  15.04 19000 46232
390  18.73  15.04 19000 38728
400  18.95  15.04 20000 40952
410  18.87  15.04 20000 40164
420  18.86  15.04 21000 40096
