 10  15.84  15.04 1000 8384
 20  19.62  32.30 2000 -132880
 30  33.10  32.30 3000 8388
 40  36.92  52.14 3000 -159576
 50  52.94  52.14 4000 8332
 60  55.00  74.96 5000 -209320
 70  75.76  74.96 5000 8380
 80  75.76  74.96 6000 8404
 90  78.75 101.21 7000 -235456
100 102.79 101.21 7000 16592
110 102.80 101.21 7000 16664
120 103.53 131.39 8000 -292156
130 110.10 131.39 9000 -223248
140 132.97 131.39 9000 16588
150 132.98 131.39 10000 16724
160 132.98 131.39 10000 16724
170 136.08 166.10 11000 -314740
180 167.68 166.10 12000 16572
190 167.69 166.10 12000 16700
200 167.67 166.10 13000 16476
210 173.16 206.01 12000 -344504
220 179.85 206.01 13000 -274292
230 207.59 206.01 14000 16528
240 207.59 206.01 15000 16556
