 10  74.14   9.93 415000 673264
 20  77.36  10.35 436000 702664
 30  80.29  10.73 450000 729380
 40  83.04  11.09 458000 754416
 50  85.51  11.41 496000 777096
 60  87.96  11.70 494000 799612
 70  90.14  11.99 524000 819484
 80  91.92  12.24 533000 835520
 90  93.78  12.47 529000 852544
100  95.53  12.71 519000 868444
110  97.13  12.90 561000 883164
120  98.73  13.10 535000 897860
130 100.15  13.29 561000 910808
140 101.53  13.47 594000 923412
150 102.82  13.63 555000 935216
160 104.03  13.79 584000 946240
170 105.21  13.94 603000 956984
180 106.44  14.08 622000 968468
190 107.48  14.21 572000 978000
200 108.46  14.33 587000 987020
210 109.39  14.46 599000 995380
220 110.31  14.58 617000 1003880
230 111.10  14.68 634000 1010980
240 111.95  14.79 650000 1018848
250 112.58  14.88 659000 1024432
260 113.33  14.99 667000 1031160
270 114.04  15.07 609000 1037720
280 114.70  15.16 617000 1043848
290 115.36  15.25 625000 1049768
300 116.17  15.32 640000 1057484
310 116.78  15.41 648000 1063000
320 117.38  15.48 655000 1068464
330 117.78  15.55 670000 1071984
340 118.33  15.62 675000 1076988
350 118.99  15.69 681000 1083176
360 119.35  15.76 688000 1086236
370 119.82  15.81 694000 1090564
380 120.25  15.87 698000 1094524
390 120.76  15.94 702000 1099144
400 121.18  15.99 708000 1103028
410 121.63  16.04 712000 1107140
420 122.05  16.09 717000 1110992
430 122.41  16.14 723000 1114272
440 122.83  16.19 654000 1118244
450 123.22  16.25 657000 1121712
460 123.53  16.28 662000 1124496
470 123.92  16.33 665000 1128096
480 124.25  16.38 670000 1131048
490 124.58  16.42 673000 1134160
500 124.92  16.46 676000 1137240
