 10  16.47  16.52 1000 -536
 20  33.09  33.11 2000 -194
 30  50.00  50.05 3000 -454
 40  67.50  67.53 4000 -242
 50  85.35  85.38 5000 -269
 60 103.76 103.78 6000 -274
 70 122.74 122.77 7000 -314
 80 141.90 141.91 7000 -124
 90 161.92 161.94 8000 -249
100 182.13 182.15 9000 -184
110 203.79 203.83 10000 -429
120 222.62 222.64 10000 -241
130 247.34 247.37 12000 -311
140 268.34 268.34 12000 -26
150 288.15 288.17 13000 -144
160 316.50 316.52 15000 -197
170 335.74 335.75 15000 -146
180 357.06 357.08 16000 -205
190 389.67 389.67 18000 -17
200 403.69 403.70 17000 -148
210 422.93 422.92 18000 70
220 461.50 461.49 20000 81
230 478.27 478.24 21000 299
240 502.28 502.29 22000 -79
250 545.19 545.18 24000 85
260 531.56 531.56 21000 77
270 555.48 555.48 22000 -0
280 600.45 600.44 24000 52
290 624.57 624.56 25000 110
300 628.45 628.43 25000 106
310 678.50 678.48 27000 214
320 689.78 689.75 28000 275
330 716.20 716.16 29000 421
340 743.40 743.38 30000 276
350 770.67 770.61 31000 573
360 789.43 789.40 32000 314
370 851.87 851.83 34000 406
380 809.57 809.54 30000 336
390 844.04 843.99 31000 499
400 879.91 879.87 32000 416
410 901.64 901.58 33000 537
420 887.54 887.50 33000 484
430 918.46 918.39 34000 701
440 955.67 955.60 35000 725
450 985.73 985.67 36000 651
460 1010.38 1010.32 37000 598
470 1044.29 1044.22 38000 794
480 1039.36 1039.29 38000 767
490 1062.83 1062.75 39000 767
500 1101.50 1101.42 40000 851
