 10  10.36  10.37 15000 -148
 20  20.55  20.57 33000 -204
 30  30.83  30.84 50000 -172
 40  41.36  41.21 68000 1472
 50  51.61  51.63 81000 -228
 60  62.03  62.05 96000 -188
 70  72.57  72.61 117000 -356
 80  83.15  83.16 135000 -164
 90  93.67  93.68 150000 -148
100 104.26 104.29 159000 -320
110 114.97 114.99 188000 -244
120 125.56 125.58 192000 -244
130 136.23 136.27 222000 -380
140 146.82 146.84 247000 -196
150 157.50 157.53 244000 -348
160 168.15 168.17 274000 -228
170 178.87 178.91 297000 -372
180 189.50 189.52 287000 -228
190 200.13 200.15 307000 -220
200 210.71 210.73 332000 -248
210 221.44 221.45 364000 -164
220 232.04 232.06 385000 -252
230 242.79 242.81 406000 -228
240 253.09 253.12 382000 -236
250 263.64 263.66 400000 -208
260 274.27 274.30 421000 -320
270 284.94 284.97 445000 -324
280 295.47 295.50 469000 -368
290 306.09 306.12 490000 -256
300 316.67 316.70 514000 -320
310 327.11 327.13 533000 -200
320 337.59 337.63 560000 -396
330 348.11 348.15 581000 -344
340 358.60 358.63 601000 -336
350 368.97 369.01 620000 -400
360 379.47 379.50 639000 -268
370 388.66 388.68 587000 -256
380 398.86 398.87 603000 -156
390 409.15 409.18 621000 -244
400 419.30 419.32 637000 -184
410 429.50 429.52 656000 -260
420 439.64 439.75 677000 -1104
430 449.93 449.95 694000 -236
440 460.05 460.07 712000 -224
450 470.08 470.11 728000 -316
460 480.61 480.64 758000 -364
470 490.72 490.74 777000 -160
480 500.82 500.85 797000 -276
490 510.71 510.74 814000 -340
500 520.74 520.76 832000 -284
