 10   5.49  15.04 9000 -100132
 20   5.49  15.04 9000 -100196
 30   5.58  15.04 10000 -99176
 40   5.58  15.04 10000 -99176
 50   5.61  15.04 10000 -98920
 60   5.71  15.04 11000 -97856
 70   5.71  15.04 11000 -97856
 80   5.81  15.04 11000 -96800
 90   5.81  15.04 12000 -96800
100   5.81  15.04 11000 -96800
110   5.93  15.04 12000 -95484
120   5.83  15.04 13000 -96536
130   5.91  15.04 12000 -95744
140   6.04  15.04 13000 -94424
150   6.04  15.04 13000 -94424
160   6.04  15.04 13000 -94424
170   6.14  15.04 14000 -93368
180   6.14  15.04 14000 -93368
190   6.13  15.04 14000 -93484
200   6.21  15.04 15000 -92576
210   6.33  15.04 15000 -91324
220   6.32  15.04 16000 -91412
230   6.31  15.04 16000 -91520
240   6.34  15.04 16000 -91256
250   6.44  15.04 16000 -90200
260   6.41  15.04 16000 -90512
270   6.42  15.04 16000 -90392
280   6.52  15.04 17000 -89308
290   6.51  15.04 17000 -89408
300   6.53  15.04 17000 -89292
310   6.64  15.04 18000 -88088
320   6.64  15.04 18000 -88088
330   6.74  15.04 19000 -87032
340   6.74  15.04 19000 -87032
350   6.74  15.04 19000 -87032
360   6.87  15.04 18000 -85712
370   6.87  15.04 18000 -85712
380   7.04  15.04 19000 -83928
390   6.89  15.04 19000 -85424
400   6.95  15.04 19000 -84792
410   6.88  15.04 20000 -85576
420   7.07  15.04 20000 -83600
430   7.07  15.04 20000 -83616
440   7.19  15.04 21000 -82356
450   7.17  15.04 21000 -82500
460   7.17  15.04 21000 -82544
470   7.29  15.04 22000 -81292
480   7.29  15.04 22000 -81292
490   7.29  15.04 22000 -81292
500   7.36  15.04 23000 -80524
